40
41
42
43
44
45
47
48
50
53
54
57
60
61
65
68
70
74
77
79
82
86
88
91
95
96
100
103
105
109
112
114
117
121
123
126
130
131
135
138
140
144
147
149
152
156
158
161
165
166
170
173
175
179
182
184
187
191
193
196
200
201
205
208
210
214
217
219
222
226
228
231
235
236
240
243
245
249
252
254
257
261
263
266
270
271
275
278
280
284
287
289
292
296
298
305
306
313
315
322
324
331
333
340
341
348
350
357
359
366
368
375
376
383
385
392
394
401
403
410
411
418
420
427
429
434
436
437
440
445
446
453
461
462
470
471
478
480
487
488
496
497
505
506
513
515
522
523
531
532
540
541
548
550
557
558
566
567
575
576
583
585
592
593
594
595
598
599
601
602
603
608
609
610
616
617
618
624
626
627
633
635
636
642
644
645
651
652
653
659
661
662
668
670
671
679
680
687
688
696
697
705
706
714
715
722
723
724
726
728
730
734
736
740
744
749
752
758
761
766
770
775
779
784
787
793
796
801
805
810
814
819
822
828
831
836
840
845
849
854
857
863
866
871
875
880
884
889
892
898
899
900
903
904
907
909
914
916
921
925
930
933
939
942
948
951
956
960
965
968
974
977
983
986
991
995
1000
1003
1009
1012
1018
1021
1026
1030
1035
1038
1044
1047
1053
1056
1061
1065
1070
1073
1079
1082
1088
1091
1096
1100
1105
1108
1114
1117
1122
1124
1126
1135
